
998001 999*999
997002 999*998
996004         998*998
996003 999*997
995006         998*997
995004 999*996
994008         998*996
994005 999*995


9801 99*99 198 0

9702 99*98 197 1 99

9604 98*98 196 0 98     1
9603 99*97 196 2  1

9506 98*97 195 1 97     1
9504 99*96 195 3  2

9409 97*97 194 0 95     2
9408 98*96 194 2  1
9405 99*95 194 4  3

9312 97*96 193 1 93     2
9310 98*95 193 3  2
9306 99*94 193 5  4

9216 96*96 192 0 90     3
9215 97*95 192 2  1
9212 98*94 192 4  3
9207 99*93 192 6  5

9120 96*95 191 1 87     3
9118 97*94 191 3  2
9114 98*93 191 5  4
9108 99*92 191 7  6

